&INPUT
 flfrc = 'ifc.dat'
 fldos = ' '
 flfrq = 'matdyn.freq'
 flvec = ' '
 fleig = ' '
 fldyn = ' '
 fltau = ' '
   la2f = .true.
   q_in_cryst_coord = .true.
   asr = 'crystal'
/
78
 0.000000 0.000000 0.000000 1.0
 0.050000 0.000000 0.000000 1.0
 0.100000 0.000000 0.000000 1.0
 0.150000 0.000000 0.000000 1.0
 0.200000 0.000000 0.000000 1.0
 0.250000 0.000000 0.000000 1.0
 0.300000 0.000000 0.000000 1.0
 0.350000 0.000000 0.000000 1.0
 0.400000 0.000000 0.000000 1.0
 0.450000 0.000000 0.000000 1.0
 0.500000 0.000000 0.000000 1.0
 0.466667 0.066667 0.000000 1.0
 0.433333 0.133333 0.000000 1.0
 0.400000 0.200000 0.000000 1.0
 0.366667 0.266667 0.000000 1.0
 0.333333 0.333333 0.000000 1.0
 0.305556 0.305556 0.000000 1.0
 0.277778 0.277778 0.000000 1.0
 0.250000 0.250000 0.000000 1.0
 0.222222 0.222222 0.000000 1.0
 0.194444 0.194444 0.000000 1.0
 0.166667 0.166667 0.000000 1.0
 0.138889 0.138889 0.000000 1.0
 0.111111 0.111111 0.000000 1.0
 0.083333 0.083333 0.000000 1.0
 0.055556 0.055556 0.000000 1.0
 0.027778 0.027778 0.000000 1.0
 0.000000 0.000000 0.000000 1.0
 0.000000 0.000000 0.071429 1.0
 0.000000 0.000000 0.142857 1.0
 0.000000 0.000000 0.214286 1.0
 0.000000 0.000000 0.285714 1.0
 0.000000 0.000000 0.357143 1.0
 0.000000 0.000000 0.428571 1.0
 0.000000 0.000000 0.500000 1.0
 0.050000 0.000000 0.500000 1.0
 0.100000 0.000000 0.500000 1.0
 0.150000 0.000000 0.500000 1.0
 0.200000 0.000000 0.500000 1.0
 0.250000 0.000000 0.500000 1.0
 0.300000 0.000000 0.500000 1.0
 0.350000 0.000000 0.500000 1.0
 0.400000 0.000000 0.500000 1.0
 0.450000 0.000000 0.500000 1.0
 0.500000 0.000000 0.500000 1.0
 0.466667 0.066667 0.500000 1.0
 0.433333 0.133333 0.500000 1.0
 0.400000 0.200000 0.500000 1.0
 0.366667 0.266667 0.500000 1.0
 0.333333 0.333333 0.500000 1.0
 0.305556 0.305556 0.500000 1.0
 0.277778 0.277778 0.500000 1.0
 0.250000 0.250000 0.500000 1.0
 0.222222 0.222222 0.500000 1.0
 0.194444 0.194444 0.500000 1.0
 0.166667 0.166667 0.500000 1.0
 0.138889 0.138889 0.500000 1.0
 0.111111 0.111111 0.500000 1.0
 0.083333 0.083333 0.500000 1.0
 0.055556 0.055556 0.500000 1.0
 0.027778 0.027778 0.500000 1.0
 0.000000 0.000000 0.500000 1.0
 0.500000 0.000000 0.500000 1.0
 0.500000 0.000000 0.428571 1.0
 0.500000 0.000000 0.357143 1.0
 0.500000 0.000000 0.285714 1.0
 0.500000 0.000000 0.214286 1.0
 0.500000 0.000000 0.142857 1.0
 0.500000 0.000000 0.071429 1.0
 0.500000 0.000000 0.000000 1.0
 0.333333 0.333333 0.500000 1.0
 0.333333 0.333333 0.428571 1.0
 0.333333 0.333333 0.357143 1.0
 0.333333 0.333333 0.285714 1.0
 0.333333 0.333333 0.214286 1.0
 0.333333 0.333333 0.142857 1.0
 0.333333 0.333333 0.071429 1.0
 0.333333 0.333333 0.000000 1.0
