&INPUT
 flfrc = 'ifc.dat'
 fldos = ' '
 flfrq = 'matdyn.freq'
 flvec = ' '
 fleig = ' '
 fldyn = ' '
 fltau = ' '
   la2f = .true.
   q_in_cryst_coord = .true.
   asr = 'crystal'
/
216
    0.0000000000     0.0000000000     0.0000000000 1
    0.0104166667     0.0000000000     0.0104166667 1
    0.0208333333     0.0000000000     0.0208333333 1
    0.0312500000     0.0000000000     0.0312500000 1
    0.0416666667     0.0000000000     0.0416666667 1
    0.0520833333     0.0000000000     0.0520833333 1
    0.0625000000     0.0000000000     0.0625000000 1
    0.0729166667     0.0000000000     0.0729166667 1
    0.0833333333     0.0000000000     0.0833333333 1
    0.0937500000     0.0000000000     0.0937500000 1
    0.1041666667     0.0000000000     0.1041666667 1
    0.1145833333     0.0000000000     0.1145833333 1
    0.1250000000     0.0000000000     0.1250000000 1
    0.1354166667     0.0000000000     0.1354166667 1
    0.1458333333     0.0000000000     0.1458333333 1
    0.1562500000     0.0000000000     0.1562500000 1
    0.1666666667     0.0000000000     0.1666666667 1
    0.1770833333     0.0000000000     0.1770833333 1
    0.1875000000     0.0000000000     0.1875000000 1
    0.1979166667     0.0000000000     0.1979166667 1
    0.2083333333     0.0000000000     0.2083333333 1
    0.2187500000     0.0000000000     0.2187500000 1
    0.2291666667     0.0000000000     0.2291666667 1
    0.2395833333     0.0000000000     0.2395833333 1
    0.2500000000     0.0000000000     0.2500000000 1
    0.2604166667     0.0000000000     0.2604166667 1
    0.2708333333     0.0000000000     0.2708333333 1
    0.2812500000     0.0000000000     0.2812500000 1
    0.2916666667     0.0000000000     0.2916666667 1
    0.3020833333     0.0000000000     0.3020833333 1
    0.3125000000     0.0000000000     0.3125000000 1
    0.3229166667     0.0000000000     0.3229166667 1
    0.3333333333     0.0000000000     0.3333333333 1
    0.3437500000     0.0000000000     0.3437500000 1
    0.3541666667     0.0000000000     0.3541666667 1
    0.3645833333     0.0000000000     0.3645833333 1
    0.3750000000     0.0000000000     0.3750000000 1
    0.3854166667     0.0000000000     0.3854166667 1
    0.3958333333     0.0000000000     0.3958333333 1
    0.4062500000     0.0000000000     0.4062500000 1
    0.4166666667     0.0000000000     0.4166666667 1
    0.4270833333     0.0000000000     0.4270833333 1
    0.4375000000     0.0000000000     0.4375000000 1
    0.4479166667     0.0000000000     0.4479166667 1
    0.4583333333     0.0000000000     0.4583333333 1
    0.4687500000     0.0000000000     0.4687500000 1
    0.4791666667     0.0000000000     0.4791666667 1
    0.4895833333     0.0000000000     0.4895833333 1
    0.5000000000     0.0000000000     0.5000000000 1
    0.5078125000     0.0156250000     0.5078125000 1
    0.5156250000     0.0312500000     0.5156250000 1
    0.5234375000     0.0468750000     0.5234375000 1
    0.5312500000     0.0625000000     0.5312500000 1
    0.5390625000     0.0781250000     0.5390625000 1
    0.5468750000     0.0937500000     0.5468750000 1
    0.5546875000     0.1093750000     0.5546875000 1
    0.5625000000     0.1250000000     0.5625000000 1
    0.5703125000     0.1406250000     0.5703125000 1
    0.5781250000     0.1562500000     0.5781250000 1
    0.5859375000     0.1718750000     0.5859375000 1
    0.5937500000     0.1875000000     0.5937500000 1
    0.6015625000     0.2031250000     0.6015625000 1
    0.6093750000     0.2187500000     0.6093750000 1
    0.6171875000     0.2343750000     0.6171875000 1
    0.6250000000     0.2500000000     0.6250000000 1
    0.3750000000     0.3750000000     0.7500000000 1
    0.3676470588     0.3676470588     0.7352941176 1
    0.3602941176     0.3602941176     0.7205882353 1
    0.3529411765     0.3529411765     0.7058823529 1
    0.3455882353     0.3455882353     0.6911764706 1
    0.3382352941     0.3382352941     0.6764705882 1
    0.3308823529     0.3308823529     0.6617647059 1
    0.3235294118     0.3235294118     0.6470588235 1
    0.3161764706     0.3161764706     0.6323529412 1
    0.3088235294     0.3088235294     0.6176470588 1
    0.3014705882     0.3014705882     0.6029411765 1
    0.2941176471     0.2941176471     0.5882352941 1
    0.2867647059     0.2867647059     0.5735294118 1
    0.2794117647     0.2794117647     0.5588235294 1
    0.2720588235     0.2720588235     0.5441176471 1
    0.2647058824     0.2647058824     0.5294117647 1
    0.2573529412     0.2573529412     0.5147058824 1
    0.2500000000     0.2500000000     0.5000000000 1
    0.2426470588     0.2426470588     0.4852941176 1
    0.2352941176     0.2352941176     0.4705882353 1
    0.2279411765     0.2279411765     0.4558823529 1
    0.2205882353     0.2205882353     0.4411764706 1
    0.2132352941     0.2132352941     0.4264705882 1
    0.2058823529     0.2058823529     0.4117647059 1
    0.1985294118     0.1985294118     0.3970588235 1
    0.1911764706     0.1911764706     0.3823529412 1
    0.1838235294     0.1838235294     0.3676470588 1
    0.1764705882     0.1764705882     0.3529411765 1
    0.1691176471     0.1691176471     0.3382352941 1
    0.1617647059     0.1617647059     0.3235294118 1
    0.1544117647     0.1544117647     0.3088235294 1
    0.1470588235     0.1470588235     0.2941176471 1
    0.1397058824     0.1397058824     0.2794117647 1
    0.1323529412     0.1323529412     0.2647058824 1
    0.1250000000     0.1250000000     0.2500000000 1
    0.1176470588     0.1176470588     0.2352941176 1
    0.1102941176     0.1102941176     0.2205882353 1
    0.1029411765     0.1029411765     0.2058823529 1
    0.0955882353     0.0955882353     0.1911764706 1
    0.0882352941     0.0882352941     0.1764705882 1
    0.0808823529     0.0808823529     0.1617647059 1
    0.0735294118     0.0735294118     0.1470588235 1
    0.0661764706     0.0661764706     0.1323529412 1
    0.0588235294     0.0588235294     0.1176470588 1
    0.0514705882     0.0514705882     0.1029411765 1
    0.0441176471     0.0441176471     0.0882352941 1
    0.0367647059     0.0367647059     0.0735294118 1
    0.0294117647     0.0294117647     0.0588235294 1
    0.0220588235     0.0220588235     0.0441176471 1
    0.0147058824     0.0147058824     0.0294117647 1
    0.0073529412     0.0073529412     0.0147058824 1
    0.0000000000     0.0000000000     0.0000000000 1
    0.0119047619     0.0119047619     0.0119047619 1
    0.0238095238     0.0238095238     0.0238095238 1
    0.0357142857     0.0357142857     0.0357142857 1
    0.0476190476     0.0476190476     0.0476190476 1
    0.0595238095     0.0595238095     0.0595238095 1
    0.0714285714     0.0714285714     0.0714285714 1
    0.0833333333     0.0833333333     0.0833333333 1
    0.0952380952     0.0952380952     0.0952380952 1
    0.1071428571     0.1071428571     0.1071428571 1
    0.1190476190     0.1190476190     0.1190476190 1
    0.1309523810     0.1309523810     0.1309523810 1
    0.1428571429     0.1428571429     0.1428571429 1
    0.1547619048     0.1547619048     0.1547619048 1
    0.1666666667     0.1666666667     0.1666666667 1
    0.1785714286     0.1785714286     0.1785714286 1
    0.1904761905     0.1904761905     0.1904761905 1
    0.2023809524     0.2023809524     0.2023809524 1
    0.2142857143     0.2142857143     0.2142857143 1
    0.2261904762     0.2261904762     0.2261904762 1
    0.2380952381     0.2380952381     0.2380952381 1
    0.2500000000     0.2500000000     0.2500000000 1
    0.2619047619     0.2619047619     0.2619047619 1
    0.2738095238     0.2738095238     0.2738095238 1
    0.2857142857     0.2857142857     0.2857142857 1
    0.2976190476     0.2976190476     0.2976190476 1
    0.3095238095     0.3095238095     0.3095238095 1
    0.3214285714     0.3214285714     0.3214285714 1
    0.3333333333     0.3333333333     0.3333333333 1
    0.3452380952     0.3452380952     0.3452380952 1
    0.3571428571     0.3571428571     0.3571428571 1
    0.3690476190     0.3690476190     0.3690476190 1
    0.3809523810     0.3809523810     0.3809523810 1
    0.3928571429     0.3928571429     0.3928571429 1
    0.4047619048     0.4047619048     0.4047619048 1
    0.4166666667     0.4166666667     0.4166666667 1
    0.4285714286     0.4285714286     0.4285714286 1
    0.4404761905     0.4404761905     0.4404761905 1
    0.4523809524     0.4523809524     0.4523809524 1
    0.4642857143     0.4642857143     0.4642857143 1
    0.4761904762     0.4761904762     0.4761904762 1
    0.4880952381     0.4880952381     0.4880952381 1
    0.5000000000     0.5000000000     0.5000000000 1
    0.5000000000     0.4926470588     0.5073529412 1
    0.5000000000     0.4852941176     0.5147058824 1
    0.5000000000     0.4779411765     0.5220588235 1
    0.5000000000     0.4705882353     0.5294117647 1
    0.5000000000     0.4632352941     0.5367647059 1
    0.5000000000     0.4558823529     0.5441176471 1
    0.5000000000     0.4485294118     0.5514705882 1
    0.5000000000     0.4411764706     0.5588235294 1
    0.5000000000     0.4338235294     0.5661764706 1
    0.5000000000     0.4264705882     0.5735294118 1
    0.5000000000     0.4191176471     0.5808823529 1
    0.5000000000     0.4117647059     0.5882352941 1
    0.5000000000     0.4044117647     0.5955882353 1
    0.5000000000     0.3970588235     0.6029411765 1
    0.5000000000     0.3897058824     0.6102941176 1
    0.5000000000     0.3823529412     0.6176470588 1
    0.5000000000     0.3750000000     0.6250000000 1
    0.5000000000     0.3676470588     0.6323529412 1
    0.5000000000     0.3602941176     0.6397058824 1
    0.5000000000     0.3529411765     0.6470588235 1
    0.5000000000     0.3455882353     0.6544117647 1
    0.5000000000     0.3382352941     0.6617647059 1
    0.5000000000     0.3308823529     0.6691176471 1
    0.5000000000     0.3235294118     0.6764705882 1
    0.5000000000     0.3161764706     0.6838235294 1
    0.5000000000     0.3088235294     0.6911764706 1
    0.5000000000     0.3014705882     0.6985294118 1
    0.5000000000     0.2941176471     0.7058823529 1
    0.5000000000     0.2867647059     0.7132352941 1
    0.5000000000     0.2794117647     0.7205882353 1
    0.5000000000     0.2720588235     0.7279411765 1
    0.5000000000     0.2647058824     0.7352941176 1
    0.5000000000     0.2573529412     0.7426470588 1
    0.5000000000     0.2500000000     0.7500000000 1
    0.5000000000     0.2391304348     0.7391304348 1
    0.5000000000     0.2282608696     0.7282608696 1
    0.5000000000     0.2173913043     0.7173913043 1
    0.5000000000     0.2065217391     0.7065217391 1
    0.5000000000     0.1956521739     0.6956521739 1
    0.5000000000     0.1847826087     0.6847826087 1
    0.5000000000     0.1739130435     0.6739130435 1
    0.5000000000     0.1630434783     0.6630434783 1
    0.5000000000     0.1521739130     0.6521739130 1
    0.5000000000     0.1413043478     0.6413043478 1
    0.5000000000     0.1304347826     0.6304347826 1
    0.5000000000     0.1195652174     0.6195652174 1
    0.5000000000     0.1086956522     0.6086956522 1
    0.5000000000     0.0978260870     0.5978260870 1
    0.5000000000     0.0869565217     0.5869565217 1
    0.5000000000     0.0760869565     0.5760869565 1
    0.5000000000     0.0652173913     0.5652173913 1
    0.5000000000     0.0543478261     0.5543478261 1
    0.5000000000     0.0434782609     0.5434782609 1
    0.5000000000     0.0326086957     0.5326086957 1
    0.5000000000     0.0217391304     0.5217391304 1
    0.5000000000     0.0108695652     0.5108695652 1
    0.5000000000     0.0000000000     0.5000000000 1